1640106064
1640106070
1640106121
1640106122
1640106124
1640106125
1640106126
1640106127
1640106129
1640106130
1640106134
1640106140
1640106174
1640106178
1640106191
1640106192
1640106193
1640106194
1640106195
1640106196
1640106197
1640106198
1640106199
1640106200
1640106301
1640106303
1640106421
1640106422
1640106423
1640106424
1640106426
1640106427
1640106429
1640106430
1640110194
1640110196
1640110197
1640110198
1640110199
1640110200
1640110215
1640110216
1640110411
1640110422
1640110425
1640110426
1640110428
1640110771
1640110773
1640110777
1640110778
1640110779
1640110780
1640110901
1640110902
1640110903
1640110904
1640110905
1640110907
1640110908
1640110909
1640110910
1640171870
1640172203
1640172204
1640172205
1640172207
1640172259
1640172260
1640172261
1640172262
1640172263
1640172264
1640172266
1640172267
1640172296
1640172297
1640172299
1640172300
1640172301
1640172302
1640172304
1640172305
1640172438
1640172439
1640172440
1640172441
1640172442
1640172443
1640172444
1640172445
1640172538
1640172539
1640172541
1640172543
1640172546
1640172547
1640172550
1640172629
1640172630
1640172631
1640172632
1640172633
1640172634
1640172635
1640172636
1640172637
1640172687
1640172688
1640172690
1640172692
1640172693
1640172694
1640172695
1640172696
1640172697
1640172758
1640172759
1640172760
1640172761
1640172762
1640172763
1640172764
1640172765
1640172766
1640172767
1640172768
1640172770
1640172771
1640172772
1640172773
1640172775
1640172776
1640172777
1640172778
1640172779
1640172782
1640172785
1640172789
1640172791
1640172792
1640172794
1640172795
1640172796
1640172797
1640197697
1640197698
1640197699
1640197700
1640197701
1640197702
1640197703
1640197704
1640197717
1640197719
1640197726
1640197727
1640197728
1640197729
1640197730
1640197734
1640197735
1640197746
1640197747
1640197748
1640197749
1640197750
1640197752
1640197753
1640197754
1640197755
1640206017
1640206018
1640206019
1640206020
1640206021
1640206023
1640206025
1640206026
1640206028
1640206030
1640206032
1640206033
1640206034
1640206035
1640206056
1640206059
1640206060
1640206061
1640206062
1640206063
1640206064
1640206065
1640206077
1640206079
1640206080
1640206081
1640206082
1640206083
1640206084
1640206085
1640206109
1640206110
1640206111
1640206112
1640206113
1640206114
1640206116
1640206117
1640206118
1640206119
1640206120
1640206121
1640206124
1640206125
1640206126
1640206127
1640206128
1640206129
1640206130
1640206131
1640206132
1640206133
1640206134
1640206135
1640206146
1640206150
1640206151
1640206155
1640206181
1640206183
1640206184
1640206185
1640206196
1640206197
1640206198
1640206199
1640206200
1640206201
1640206202
1640206204
1640206205
1640206259
1640206260
1640206261
1640206263
1640206264
1640206266
1640206267
1640206268
1640206269
1640206270
1640206271
1640206276
1640206277
1640206278
1640206281
1640206282
1640206283
1640206284
1640206296
1640206297
1640206302
1640206305
1640206306
1640206307
1640206308
1640206309
1640206310
1640206311
1640206312
1640206313
1640206314
1640206315
1640206316
1640206318
1640206320
1640206321
1640206322
1640206356
1640206359
1640206360
1640206361
1640206363
1640206364
1640206365
1640250217
1640250219
1640250220
1640250221
1640250222
1640250223
1640250224
1640250307
1640250308
1640250309
1640250310
1640250311
1640250312
1640250315
1640272658
1640272660
1640272662
1640272665
1640272700
1640272702
1640272703
1640272706
1640272720
1640272722
1640272724
1640272739
1640272777
1640272779
1640272780
1640272781
1640272782
1640272784
1640272785
1640272787
1640272790
1640272791
1640272792
1640272827
1640272828
1640272830
1640272831
1640272833
1640272836
1640294457
1640294459
1640294460
1640294462
1640294463
1640294464
1640294465
1640294477
1640294480
1640294481
1640294485
1640294486
1640294497
1640294500
1640294501
1640294503
1640294504
1640294505
1640294567
1640294568
1640294569
1640294570
1640294572
1640294573
1640294575
1640294576
1640294577
1640294578
1640294580
1640294581
1640294584
1640294585
1640294586
1640294607
1640294611
1640294615
1640294637
1640294638
1640294639
1640294640
1640294641
1640294642
1640294643
1640294644
1640294645
1640294646
1640294658
1640294664
1640294667
1640294668
1640294671
1640294674
1640294675
1640294676
1640294837
1640294839
1640294840
1640294842
1640294844
1640294845
1640294846
1640295650
1640297517
1640297518
1640297519
1640297520
1640297521
1640297522
1640297523
1640297524
1640297526
1640297528
1640297529
1640297533
1640297535
1640297537
1640297539
1640297540
1640297544
1640297545
1640297547
1640297548
1640297549
1640297550
1640297551
1640297552
1640297553
1640297557
1640297558
1640297697
1640297699
1640297707
1640297712
1640297740
1640297741
1640297742
1640297743
1640297745
1640297746
